image: LabFabEx.pgm
resolution: 0.030000
origin: [-4.275000, -11.817000, 0.000000]
negate: 0
occupied_thresh: 0.65
free_thresh: 0.196
