image: map_feb12_01_15pm.pgm
resolution: 0.030000
origin: [-4.298999, -11.846999, 0.000000]
negate: 0
occupied_thresh: 0.65
free_thresh: 0.196

